ALL:
  DUMMY:
  dummy:
CAMERA:
  BSPTRANS:
    BGCheck:
      3
    Base:
      [0.0, 0.0, 0.0, 1.0, 1.0]
      [0.0, 0.0, 0.10000000149011612, 0.25, 0.550000011920929, 1.0, 1.0]
    Center:
      (0.0, 28.0, 48.0)
      (0.0, 28.0, 4.0)
      (125.0, -70.0, 155.0)
      (0.0, 22.0, 0.0)
      (0.0, 120.0, 0.0)
      (61.479000091552734, 120.0, 798.2890014648438)
      (-310.0, 60.0, 270.0)
      (-305.0, 50.0, 280.0)
      (0.0, -65.0, 0.0)
    Eye:
      (-165.0, 10.0, 0.0)
      (-35.0, -48.0, 155.0)
      (290.0, 80.0, -245.0)
      (-125.0, -30.0, 105.0)
      (500.0, 170.0, 30.0)
      (-104.70800018310547, 67.93900299072266, 708.1859741210938)
      (-455.0, 315.0, 0.0)
      (-530.0, 120.0, -45.0)
      (0.0, -60.0, -300.0)
    Fovy:
      65.0
      55.0
      50.0
    RelActor:
      'Midna'
      '@PLAYER'
    Set1:
      [0.0, 0.0, 1.0, 1.0, 1.0]
      [0.0, 0.0, 0.0, 1.0, 1.0]
      [0.0, 0.0, 0.0, 0.0, 1.0, 1.0]
      [0.0, 0.0, 0.8500000238418579, 1.0, 1.0]
    Set2:
      [0.0, 0.0, 0.0, 1.0, 1.0]
      [0.0, 0.0, 0.6000000238418579, 1.0, 1.0]
    Timer:
      120
      50
      200
      130
      60
      100
    Use1:
      'xxxoxx'
      'xxxxox'
      'oxxoxx'
    Use2:
      'xxxxxo'
      'ooxxxx'
    WaitAnyKey:
      1
  FIXEDFRM:
    BGCheck:
      3
    Center:
      (0.0, -10.0, 40.0)
      (0.0, -10.0, 62.0)
      (45.0, 10.0, -25.0)
      (0.0, -40.0, 50.0)
      (0.0, -155.0, 0.0)
      (125.0, -70.0, 155.0)
      (0.0, 110.0, 0.0)
      (70.52300262451172, 157.69200134277344, 794.7579956054688)
      (-16980.0, 100.0, -5010.0)
      (0.0, 100.0, 0.0)
      (0.0, -40.0, 0.0)
    Eye:
      (85.0, -110.0, 130.0)
      (180.0, 128.0, -100.0)
      (0.0, 40.0, 220.0)
      (-110.0, -50.0, 240.0)
      (-180.0, 128.0, -100.0)
      (0.0, -215.0, 550.0)
      (290.0, 80.0, -245.0)
      (-350.0, 700.0, -140.0)
      (-43.0369987487793, 131.40899658203125, 954.9219970703125)
      (-16640.0, 30.0, -4740.0)
      (0.0, -50.0, 100.0)
      (-140.0, -40.0, 150.0)
    Fovy:
      65.0
      62.0
      55.0
      45.0
      60.0
      100.0
    RelActor:
      '@PLAYER'
      'Midna'
      'grZ'
    Timer:
      10
      50
      5
    WaitAnyKey:
      1
  MAPTOOL:
    BGCheck:
      3
  STBWAIT:
    BGCheck:
      3
  UNIACCELE:
    Center:
      (155.0, -95.0, 160.0)
    Eye:
      (55.0, 105.0, -240.0)
    Fovy:
      55.0
    RelActor:
      '@PLAYER'
    Timer:
      50
  UNITRANS:
    BGCheck:
      3
    Center:
      (0.0, -30.0, 55.0)
      (-1125.0, -23800.0, 8635.0)
      (-60.0, 0.0, 0.0)
      (0.0, 60.0, 0.0)
    Eye:
      (-135.0, 5.0, -80.0)
      (-1005.0, -23655.0, 9040.0)
      (60.0, 100.0, 800.0)
      (135.0, 5.0, -80.0)
      (0.0, -100.0, -167.0)
    Fovy:
      55.0
      45.0
      40.0
      60.0
    RelActor:
      '@PLAYER'
      'Midna'
    Timer:
      120
      50
      130
      100
      600
    TransType:
      1
  WAIT:
    BGCheck:
      3
    PlayerHide:
      1
DIRECTOR:
  FADE:
    Color:
      [160, 160, 160]
    Rate:
      -0.05000000074505806
      1.0
  MAPTOOL:
    ID:
      56
      1
      2
      13
      4
      6
      7
      14
      15
      31
      32
      0
  SPECIAL:
    Type:
      8
  WAIT:
    EventFlag:
      98
    SwitchOff:
      95
      85
    SwitchTable:
      2
      3
Link:
  001n_wait:
    prm0:
      3
      4
  002n_walk:
    pos:
      (300.0, 0.0, 80.0)
  004init_wait:
    angle:
      -31556
      -28295
      -22027
    pos:
      (-1224.9691162109375, -23974.021484375, 8677.9296875)
      (0.0, 0.0, 700.0)
      (121.0, 0.0, 2486.0)
      (900.0, 0.0, 160.0)
      (-3.7593460083007812, 0.0, 839.4214477539062)
      (0.0, 0.0, 0.0)
      (-16981.625, -28.28617286682129, -5025.1162109375)
  012unequip:
    prm1:
      0
  031lwait:
    prm0:
      1
  045warp:
    prm0:
      1
    prm1:
      0
  047lookup:
    prm0:
      3
  048lupend:
    prm0:
      3
      4
  055sget:
    prm0:
      1
MESSAGE:
  SAVE:
  SHOW:
    No:
      7001
      [7002, 7003]
      [7004, 7005, 7006]
      [7007, 7008]
      7009
      6011
      [6012, 6013]
      [6014, 6015, 6016, 6017, 6018]
      [6019, 6020]
      6021
      [5001, 5002]
      [5003, 5004]
      [5005, 5006, 5007, 5008, 5009]
      5010
      5011
      9401
      9402
      [9403, 9404, 9405]
      [9406, 9407]
      9408
      9409
      11001
      11002
      [11003, 11004, 11005]
      [11006, 11007]
      [11008, 11009]
      9301
      9302
      [9303, 9304, 9305]
      [9306, 9307]
      9308
      5078
      5079
      5080
      5081
      5082
      5083
      5084
  WAIT:
Midna:
  01wait:
  02shadow:
    fprm0:
      80.0
  03fly:
    npos:
      (-1520.0, -23960.0, 7100.0)
      (-360.0, 0.0, -315.0)
      (-235.0, 0.0, 2200.0)
      (-325.0, 0.0, 215.0)
      (-550.0, 0.0, -250.0)
    pos:
      (-1125.0, -23960.0, 8380.0)
      (-1470.0, -23960.0, 7280.0)
      (-1520.0, -23960.0, 7100.0)
      (-100.0, 0.0, 465.0)
      (-360.0, 0.0, 290.0)
      (-30.0, 0.0, 2320.0)
      (-234.0, 0.0, 2191.0)
      (200.0, 0.0, 0.0)
      (0.0, 0.0, 0.0)
      (-275.0, 0.0, 300.0)
      (-325.0, 0.0, 215.0)
      (-300.0, 0.0, -250.0)
      (-550.0, 0.0, -250.0)
  04fturn:
    angle:
      -30103
      7280
      -14210
      1267
      -23000
      6255
      -26513
      15763
      -16537
      -26116
      5876
      -27619
      -24395
      8363
  06swait:
  07scatch:
  08warphole:
  14putawy:
  16winit:
    pos:
      (-1345.0, -23960.0, 7740.0)
      (500.0, 0.0, 0.0)
PACKAGE:
  PLAY:
    FileName:
      'yami_mog.stb'
      'light_look.stb'
      'fog_look.stb'
      'fog_walk.stb'
      'kekkai_01.stb'
      'kekkai_b01.stb'
      'demo31_28.stb'
      'sekizo108.stb'
      'iria_nioi.stb'
      'iria_pouch01.stb'
  WAIT:
SHUTTER_DOOR:
  STOP_OPEN:
  WAIT:
TIMEKEEPER:
  COUNTDOWN:
    Timer:
      10
      30
      45
      20
      50
      90
      5
      140
  WAIT:
WARPHOLE:
  APPEAR:
  APPEAR_END:
  HEART_MOVE:
  STONE_FALL:
  STONE_MIDNA:
  STONE_PUTAWAY:
  WAIT:
grZ:
  REBIRTH:
  WAIT:
